1600 1 2
1200 3 28
2000 5 29
1600 8 30
1200 10 31
1600 2 2
1600 2 28
2000 2 29
2000 2 30
1200 2 31
2400 4 5
2000 9 28
2000 11 29
1600 9 30
1600 9 31
1200 12 9
1200 12 28
1200 12 29
1600 12 30
1600 12 31
2004 1 5
2008 3 28
2016 7 29
2016 5 30
2016 8 31
2004 2 19
1992 2 28
1992 2 29
1988 2 30
1988 2 31
1002 4 1
1002 4 28
1002 9 29
1002 11 30
1002 11 31
1992 12 15
1992 12 28
1992 12 29
1992 12 30
1992 12 31
1994 1 1
1994 1 28
1994 7 29
1994 8 30
1991 11 31
1991 2 14
1991 2 28
1991 2 29
1993 2 30
1001 2 31
1003 4 3
1999 4 28
1911 4 29
1951 11 30
1953 9 31
2017 12 18
2017 12 28
1001 12 29
2001 12 30
2003 12 31